200	0	0.0099009901	0
300	0	0.015625	0
400	0	0.0212314225	0
500	0	0.0266666667	0
600	0	0.0324675325	0
700	0	0.0377358491	0
800	0	0.0438596491	0
900	0	0.0492610837	0
0 0  0 0
0 0  0 0
0 0  0 0
0 0  0 0
0 0  0 0
0 0  0 0
0 0  0 0
0 0  0 0
0 0  0 0
0 0  0 0
0 0  0 0
0 0  0 0
0 0  0 0
0 0  0 0
0 0  0 0
0 0  0 0
0 0  0 0
0 0  0 0
0 0  0 0
0 0  0 0
0 0  0 0
0 0  0 0
0 0  0 0
0 0  0 0
0 0  0 0
0 0  0 0
0 0  0 0
0 0  0 0
0 0  0 0
0 0  0 0
0 0  0 0
0 0  0 0
0 0  0 0
0 0  0 0
0 0  0 0
0 0  0 0
0 0  0 0
0 0  0 0
0 0  0 0
0 0  0 0
0 0  0 0
0 0  0 0
0 0  0 0
0 0  0 0