1 0 0.3939 0
2 0 0.8168 0
3 0 1.276 0
0 0 0  0
0 0 0  0
0 0 0  0
0 0 0  0
0 0 0  0
0 0 0  0
0 0 0  0
0 0 0  0
0 0 0  0
0 0 0  0
0 0 0  0
0 0 0  0
0 0 0  0
0 0 0  0
0 0 0  0
0 0 0  0
0 0 0  0
0 0 0  0
0 0 0  0
0 0 0  0
0 0 0  0
0 0 0  0
0 0 0  0
0 0 0  0
0 0 0  0
0 0 0  0
0 0 0  0
0 0 0  0
0 0 0  0
0 0 0  0
0 0 0  0
0 0 0  0
0 0 0  0
0 0 0  0
0 0 0  0
0 0 0  0
0 0 0  0
0 0 0  0
0 0 0  0
0 0 0  0
0 0 0  0
0 0 0  0
0 0 0  0
0 0 0  0
0 0 0  0
0 0 0  0
0 0 0  0
0 0 0  0
0 0 0  0
0 0 0  0
0 0 0  0
0 0 0  0
0 0 0  0
0 0 0  0
0 0 0  0
0 0 0  0
0 0 0  0
0 0 0  0
0 0 0  0
0 0 0  0
0 0 0  0
0 0 0  0
0 0 0  0
0 0 0  0
0 0 0  0
0 0 0  0
0 0 0  0
0 0 0  0
0 0 0  0
0 0 0  0
0 0 0  0
0 0 0  0
0 0 0  0
0 0 0  0
0 0 0  0
0 0 0  0
0 0 0  0
0 0 0  0
0 0 0  0
0 0 0  0
0 0 0  0
0 0 0  0
0 0 0  0
0 0 0  0
0 0 0  0
0 0 0  0
0 0 0  0
0 0 0  0
0 0 0  0
0 0 0  0
0 0 0  0
0 0 0  0
0 0 0  0
0 0 0  0
0 0 0  0
0 0 0  0
0 0 0  0
0 0 0  0
0 0 0  0
0 0 0  0
0 0 0  0
0 0 0  0
0 0 0  0
0 0 0  0
0 0 0  0
0 0 0  0
0 0 0  0
0 0 0  0
0 0 0  0
0 0 0  0
0 0 0  0
0 0 0  0
0 0 0  0
0 0 0  0
0 0 0  0
0 0 0  0
0 0 0  0
0 0 0  0
0 0 0  0
0 0 0  0
0 0 0  0
0 0 0  0
0 0 0  0
0 0 0  0
0 0 0  0
0 0 0  0
0 0 0  0
0 0 0  0
0 0 0  0
0 0 0  0
0 0 0  0
0 0 0  0
0 0 0  0
0 0 0  0
0 0 0  0
0 0 0  0
0 0 0  0
0 0 0  0
0 0 0  0
0 0 0  0
0 0 0  0
0 0 0  0
0 0 0  0
0 0 0  0
0 0 0  0
0 0 0  0
0 0 0  0
0 0 0  0
0 0 0  0
0 0 0  0
0 0 0  0
0 0 0  0
0 0 0  0
0 0 0  0
0 0 0  0
0 0 0  0
0 0 0  0
0 0 0  0
0 0 0  0
0 0 0  0
0 0 0  0
0 0 0  0
0 0 0  0
0 0 0  0
0 0 0  0
0 0 0  0
0 0 0  0
0 0 0  0
0 0 0  0
0 0 0  0
0 0 0  0
0 0 0  0
0 0 0  0
0 0 0  0
0 0 0  0
0 0 0  0
0 0 0  0
0 0 0  0
0 0 0  0
0 0 0  0
0 0 0  0
0 0 0  0
0 0 0  0
0 0 0  0
0 0 0  0
0 0 0  0